$MeshFormat
2.2 0 8
$EndMeshFormat
$PhysicalNames
7
1 8 "left"
1 9 "top"
1 10 "right"
1 11 "mid"
1 12 "bottom"
1 13 "circle2"
1 14 "circle1"
$EndPhysicalNames
$Nodes
13
1 1 -1 0
2 1 1 0
3 -1 1 0
4 -0.5 -1 0
5 -1 -0.5 0
6 -0.6464466094067263 -0.6464466094067263 0
7 -0.5380602339757485 -0.8086582832588258 0
8 -0.808658284332556 -0.5380602335309947 0
9 -1 0.2499999999972472 0
10 -2.750244476601438e-12 1 0
11 1 2.750244476601438e-12 0
12 0.2500000000027528 -1 0
13 0.1767766952987398 0.1767766952987398 0
$EndNodes
$Elements
14
1 1 2 14 1 4 7
2 1 2 14 1 7 6
3 1 2 13 2 6 8
4 1 2 13 2 8 5
5 1 2 8 3 5 9
6 1 2 8 3 9 3
7 1 2 9 4 3 10
8 1 2 9 4 10 2
9 1 2 10 5 2 11
10 1 2 10 5 11 1
11 1 2 12 6 1 12
12 1 2 12 6 12 4
13 1 2 11 7 2 13
14 1 2 11 7 13 6
$EndElements
